01 05 00 EC 3F 42 0F 00 80 
06 01 09 00 EC 00 00 63 00 03 00 00 00 5A 
01 05 00 E4 3F 42 0F 00 78 
06 01 11 00 E4 00 00 63 02 00 08 00 01 00 00 00 11 0C 04 0E 10 A3 
01 05 00 FF 3F 42 0F 00 95 
06 01 38 00 FF 00 00 63 51 33 58 2D 94 20 20 20 20 20 20 20 20 20 20 20 30 33 2E 30 31 2E 30 37 20 20 20 20 20 20 20 20 31 32 33 34 35 36 37 38 39 30 20 20 20 20 20 20 20 20 20 20 61 
01 05 00 E1 3F 42 0F 00 77 
06 01 14 00 E1 00 00 63 39 39 39 39 30 37 38 39 30 30 30 30 39 30 33 30 A4 
01 08 00 E9 3F 42 0F 00 01 18 04 9F 
06 01 18 00 E9 00 00 63 18 04 10 00 AE AE AE 20 A6 A4 A6 AB A4 A6 AE AB A6 AB AE A4 90 
01 08 00 E9 3F 42 0F 00 01 F1 03 74 
06 01 1A 00 E9 00 00 63 F1 03 12 00 E3 AB 2E 20 E1 E2 E0 AE A8 E2 A5 AB A5 A9 2C 20 31 31 63 
01 08 00 E9 3F 42 0F 00 01 FA 03 7D 
06 01 14 00 E9 00 00 63 FA 03 0C 00 37 37 31 32 31 32 33 34 35 33 20 20 A8 
01 08 00 E9 3F 42 0F 00 01 26 04 AD 
06 01 09 00 E9 00 00 63 26 04 01 00 01 80 
01 08 00 E9 3F 42 0F 00 01 EA 03 6D 
06 01 09 00 E9 00 00 63 EA 03 01 00 00 41 
01 08 00 E9 3F 42 0F 00 01 E9 03 6C 
06 01 09 00 E9 00 00 63 E9 03 01 00 00 40 
01 08 00 E9 3F 42 0F 00 01 55 04 DA 
06 01 09 00 E9 00 00 63 55 04 01 00 00 AE 
01 08 00 E9 3F 42 0F 00 01 56 04 DD 
06 01 09 00 E9 00 00 63 56 04 01 00 00 B1 
01 08 00 E9 3F 42 0F 00 01 54 04 DB 
06 01 09 00 E9 00 00 63 54 04 01 00 00 AF 
01 08 00 E9 3F 42 0F 00 01 0D 04 92 
06 01 1C 00 E9 00 00 63 0D 04 14 00 30 30 30 30 30 30 30 30 30 31 30 30 35 37 37 39 20 20 20 20 2F 
01 05 00 E0 3F 42 0F 00 74 
06 01 22 00 E0 00 00 63 03 00 00 00 00 11 0C 06 0F 1E 39 39 39 39 30 37 38 39 30 30 30 30 39 30 33 30 08 00 00 00 0D 
01 08 00 E9 3F 42 0F 00 01 F4 03 7B 
06 01 0C 00 E9 00 00 63 F4 03 04 00 A0 58 25 5A C9 
01 08 00 E9 3F 42 0F 00 01 F9 03 7C 
06 01 14 00 E9 00 00 63 F9 03 0C 00 37 37 31 32 31 32 33 34 35 33 20 20 AF 
01 08 00 E9 3F 42 0F 00 01 16 04 9D 
06 01 04 00 E9 68 09 63 C0 
01 05 00 D9 3F 42 0F 00 6F 
06 01 04 00 D9 00 00 63 41 
01 05 00 EC 3F 42 0F 00 80 
06 01 09 00 EC 00 00 63 01 04 00 00 00 5C 
01 05 00 E0 3F 42 0F 00 74 
06 01 22 00 E0 00 00 63 03 00 00 01 00 11 0C 07 0B 1A 39 39 39 39 30 37 38 39 30 30 30 30 39 30 33 30 09 00 00 00 06 
01 05 00 EC 3F 42 0F 00 80 
06 01 09 00 EC 00 00 63 01 04 00 00 00 5C 
01 05 00 E4 3F 42 0F 00 78 
06 01 11 00 E4 00 00 63 02 00 09 00 01 00 00 00 11 0C 04 0E 10 A2 
01 07 00 8D 3F 42 0F 00 00 00 25 
06 01 04 00 8D 00 00 63 F4 
01 38 00 80 3F 42 0F 00 D0 07 00 00 00 20 4E 00 00 00 02 E2 AE AF AE E0 00 00 00 00 00 00 00 00 00 00 00 00 00 00 00 00 00 00 00 00 00 00 00 00 00 00 00 00 00 00 00 00 00 00 00 5A 
06 01 04 00 80 00 00 63 E7 
01 1E 00 85 3F 42 0F 00 50 C3 00 00 00 00 00 00 00 00 00 00 00 00 00 00 00 00 00 00 00 00 00 00 00 44 
06 01 09 00 85 00 00 63 10 27 00 00 00 29 
01 0A 00 51 3F 42 0F 00 00 00 00 00 00 EB 
06 01 06 00 51 66 00 63 00 00 21 
01 05 00 D7 3F 42 0F 00 6D 
06 01 2E 00 D7 00 00 63 66 00 87 8D 80 97 85 8D 88 85 20 30 00 00 00 00 00 00 00 00 00 00 00 00 00 00 00 00 00 00 00 00 00 00 00 00 00 00 00 00 00 00 6E 
01 05 00 D7 3F 42 0F 00 6D 
06 01 2E 00 D7 00 00 63 66 00 87 8D 80 97 85 8D 88 85 20 30 00 00 00 00 00 00 00 00 00 00 00 00 00 00 00 00 00 00 00 00 00 00 00 00 00 00 00 00 00 00 6E 
01 05 00 EC 3F 42 0F 00 80 
06 01 09 00 EC 00 00 63 01 04 00 01 00 5F 
01 05 00 E4 3F 42 0F 00 78 
06 01 11 00 E4 00 00 63 02 00 0A 00 01 00 00 00 11 0C 04 0E 10 A5 
01 05 00 41 3F 42 0F 00 D6 
06 01 04 00 41 00 00 63 A8 
01 05 00 EC 3F 42 0F 00 80 
06 01 09 00 EC 00 00 63 00 04 00 01 00 5C 
01 05 00 E0 3F 42 0F 00 74 
06 01 22 00 E0 00 00 63 03 00 00 00 00 11 0C 07 0B 1D 39 39 39 39 30 37 38 39 30 30 30 30 39 30 33 30 0B 00 00 00 02 
